4294967278,255
4294967279,318
4294967278,315
4294967278,313
4294967294,30
4294967294,1012
4294967294,1011
4294967294,1009
4294967294,1008
4294967294,1003
4294967294,992
4294967294,966
4294967294,964
4294967294,963
4294967294,962
4294967294,961
4294967294,60
4294967278,132
4294967278,131
4294967278,130
4294967278,129
4294967278,128
4294967278,127
4294967278,126
4294967278,125
4294967278,124
4294967278,123
4294967278,122
4294967278,120
4294967278,119
4294967278,118
4294967278,117
4294967278,116
4294967278,113
4294967278,112
4294967278,111
4294967278,110
4294967278,109
4294967278,108
4294967278,107
4294967278,106
4294967278,105
4294967278,104
4294967278,103
4294967278,102
4294967278,101
4294967278,100
4294967278,99
4294967278,98
4294967278,97
4294967278,96
4294967278,95
4294967278,93
4294967278,92
4294967278,91
4294967278,89
4294967278,87
4294967278,85
4294967278,84
4294967278,82
4294967278,81
4294967278,79
4294967278,77
4294967278,76
4294967278,75
4294967278,74
4294967278,69
4294967278,68
4294967278,67
4294967278,66
4294967278,65
4294967278,64
4294967278,60
4294967278,59
4294967278,58
4294967278,56
4294967278,55
4294967278,51
4294967278,49
4294967278,47
4294967278,46
4294967278,45
4294967278,44
4294967278,43
4294967278,335
4294967278,40
4294967278,38
4294967278,37
4294967278,36
4294967278,35
4294967278,34
4294967278,33
4294967278,32
4294967278,31
4294967278,30
4294967278,29
4294967278,28
4294967278,27
4294967278,26
4294967278,25
4294967278,24
4294967278,275
4294967278,23
4294967278,22
4294967278,21
4294967278,20
4294967278,19
4294967278,18
4294967278,17
4294967278,16
4294967278,15
4294967278,14
4294967278,13
4294967278,12
4294967278,11
4294967278,10
4294967278,9
4294967278,8
4294967278,7
4294967278,6
4294967278,5
4294967278,4
4294967279,132
4294967279,131
4294967279,130
4294967294,12
4294967279,282
4294967279,309
4294967279,74
4294967279,71
4294967279,69
4294967279,68
4294967279,66
4294967279,62
4294967279,60
4294967279,59
4294967279,55
4294967279,52
4294967279,50
4294967279,48
4294967279,47
4294967279,45
4294967279,40
4294967279,38
4294967279,36
4294967279,35
4294967279,34
4294967279,32
4294967279,31
4294967279,30
4294967279,29
4294967279,27
4294967279,26
4294967279,23
4294967279,21
4294967279,19
4294967279,18
4294967279,17
4294967279,16
4294967279,15
4294967279,14
4294967279,13
4294967279,11
4294967279,10
4294967279,9
4294967279,8
4294967279,6
4294967279,5
4294967279,4
4294967294,1031
4294967294,1030
4294967294,1027
4294967294,987
4294967294,986
4294967294,985
4294967294,980
4294967294,979
4294967294,977
4294967294,976
4294967294,969
4294967294,422
4294967294,190
4294967294,182
4294967294,176
4294967294,173
4294967294,162
4294967294,161
4294967294,427
4294967294,11
4294967279,249
4294967278,244
4294967278,218
4294967278,216
4294967278,207
4294967278,206
4294967278,90
4294967278,307
4294967278,201
4294967279,429
4294967278,86
4294967279,199
4294967278,197
4294967279,198
4294967278,196
4294967279,197
4294967278,195
4294967279,196
4294967278,194
4294967278,80
4294967279,194
4294967278,192
4294967279,193
4294967278,191
4294967278,190
4294967279,191
4294967279,190
4294967278,188
4294967278,187
4294967294,989
4294967279,73
4294967279,65
4294967294,387
4294967278,72
4294967279,72
4294967279,304
4294967278,300
4294967279,70
4294967278,180
103,6
103,5
103,4
4294967279,180
103,3
103,2
103,1
4294967279,405
4294967279,64
4294967279,427
4294967279,56
4294967278,63
4294967279,63
4294967279,404
4294967279,61
4294967279,299
4294967278,305
4294967278,54
4294967279,44
4294967279,54
4294967278,53
4294967278,364
4294967279,53
4294967278,52
4294967279,51
4294967279,164
4294967278,50
4294967278,162
4294967278,296
4294967279,163
4294967278,161
4294967279,49
4294967279,401
4294967278,48
4294967278,158
101,6
101,5
101,4
4294967279,158
101,3
101,2
101,1
4294967279,43
4294967279,33
4294967278,42
4294967279,42
4294967278,41
4294967278,153
4294967278,294
4294967279,41
4294967279,424
4294967278,152
4294967278,277
4294967278,39
4294967279,39
4294967279,151
4294967278,362
4294967279,37
4294967279,294
4294967279,147
4294967279,146
4294967279,384
4294967279,143
4294967279,28
4294967279,292
4294967278,289
4294967278,288
4294967278,137
4294967279,25
4294967279,278
4294967279,24
4294967279,277
4294967279,135
4294967278,134
4294967279,22
4294967279,133
4294967279,134
4294967279,291
4294967279,20
4294967279,422
4294967279,273
4294967278,269
4294967279,272
4294967278,268
4294967278,267
4294967279,12
4294967279,287
4294967279,395
4294967294,990
4294967279,267
4294967278,264
4294967279,266
4294967278,263
4294967279,265
96,4
4294967278,278
96,3
96,2
96,1
4294967278,328
4294967279,264
4294967294,185
4294967294,984
4294967294,170
4294967278,257
4294967279,7
4294967279,388
4294967278,321
4294967279,284
95,5
4294967279,258
4294967278,355
95,4
95,3
95,2
95,1
4294967279,257
4294967278,354
4294967278,353
4294967278,352
4294967278,256
4294967279,256
4294967278,327
94,5
4294967279,255
94,4
4294967278,323
94,3
94,2
94,1
4294967278,314
4294967279,415
4294967294,388
4294967278,254
4294967278,121
4294967278,253
4294967279,253
93,4
4294967278,252
